-3.415859517742205198e-01
-3.415859517742168006e-01
-3.415859517737245277e-01
-3.415859517727090067e-01
-3.415859517726914096e-01
-3.415859517712226956e-01
-1.660585820379124056e-01
-1.660585820236816501e-01
-1.660585820235807586e-01
-1.660585820130534018e-01
-1.660585820081031949e-01
-1.660585820078807895e-01
-2.142168004415748520e-02
-2.142097354640590604e-02
-2.142097353900934698e-02
-2.141956011783548164e-02
-2.141956011043496741e-02
-2.141885318688015183e-02
1.720617883863094499e-02
1.758489846322416547e-02
1.758489846387933930e-02
1.870615096766272203e-02
1.870615096861559523e-02
2.028491427729435526e-02
2.084815950144980334e-02
2.305663816990420611e-02
2.305663817163930429e-02
2.589702668071447791e-02
2.589702668283552431e-02
2.772032493037340783e-02
3.425289028374964989e-02
3.664728431242742640e-02
3.664728431504764988e-02
4.106763050836505224e-02
4.106763051139900034e-02
4.434198764919659863e-02
5.077696450861650390e-02
5.466714194661193710e-02
5.466714195025453027e-02
6.098731730735576506e-02
6.098731731109693910e-02
6.588350926181775480e-02
7.214029968129943848e-02
7.761725864334541314e-02
7.761725864764554284e-02
8.574623532982149354e-02
8.574623533379928386e-02
9.243301132505749029e-02
9.795198872728325123e-02
1.051921266503526159e-01
1.051921266548530159e-01
1.150519863642198021e-01
1.150519863679785593e-01
1.236570907062886915e-01
1.281233329147776767e-01
1.372549094978418593e-01
1.372549095020485499e-01
1.487520007902605745e-01
1.487520007933868238e-01
1.593451957295633770e-01
1.626103534377492110e-01
1.737059451253809006e-01
1.737059451288716083e-01
1.867490325922101790e-01
1.867490325944036467e-01
1.993365060940695821e-01
2.013926234460241826e-01
2.144627361485858530e-01
2.144627361510425545e-01
2.289748298320914699e-01
2.289748298331842624e-01
2.435047570923352112e-01
2.444533153426067251e-01
2.594509646230881428e-01
2.594509646243510215e-01
2.753745514786710702e-01
2.753745514786876125e-01
2.917516171567342553e-01
2.917684039732721946e-01
3.086027025183021855e-01
3.086027025183516459e-01
3.258991034500051676e-01
3.258991034510096418e-01
3.433034056215789609e-01
3.440029300718932537e-01
3.618574207122945974e-01
3.618574207133339882e-01
3.805026663524148645e-01
3.805026663542596665e-01
3.990147818997872298e-01
4.002055005700144164e-01
4.191630711813879029e-01
4.191630711833051470e-01
4.391427803080928394e-01
4.391427803105330541e-01
4.588532986825700211e-01
4.603235918899681312e-01
4.804761602762929740e-01
4.804761602788277797e-01
5.017810826713685612e-01
5.017810826741493369e-01
5.227675875382593595e-01
5.243350037648003559e-01
5.457607866498931370e-01
5.457607866527718343e-01
5.683837183210259658e-01
5.683837183238892310e-01
5.907070776621307084e-01
5.922269721697531741e-01
6.149870672175914432e-01
6.149870672205380862e-01
6.389211527008770153e-01
6.389211527036073868e-01
6.626240524625777173e-01
6.639922869852750154e-01
6.881294305948950640e-01
6.881294305976800585e-01
7.133675103377425941e-01
7.133675103401739825e-01
7.384748720663162347e-01
7.396260008932864505e-01
7.651651221790046753e-01
7.651651221814568249e-01
7.916996939560968505e-01
7.916996939581207871e-01
8.182205118916630049e-01
8.191229610010540840e-01
8.460730801743973073e-01
8.460730801763844955e-01
8.738965134224192521e-01
8.738965134239590205e-01
9.018265918871357645e-01
9.024762128370416026e-01
9.308331906725766380e-01
9.308331906740516803e-01
9.599379628531057307e-01
9.599379628540906095e-01
9.892630603992271787e-01
9.896761745051896320e-01
1.019425844526519853e+00
1.019425844527467984e+00
1.049804692355226665e+00
1.049804692355789992e+00
1.080503671248397302e+00
1.080710394195717239e+00
1.111831694070252841e+00
1.111831694070696708e+00
1.143477658623641258e+00
1.143477658623790694e+00
1.175525360556066046e+00
1.175563688262362794e+00
1.208031520932190350e+00
1.208031520932204117e+00
1.240937910385809806e+00
1.240937910386005205e+00
1.274218488005937511e+00
1.274307596509821616e+00
1.308006153896253521e+00
1.308006153896594359e+00
1.342166461189512106e+00
1.342166461189979731e+00
1.376655273493397891e+00
1.376831745805602747e+00
1.411736402650155986e+00
1.411736402650746625e+00
1.447144211144157255e+00
1.447144211144797410e+00
1.482853020577688419e+00
1.483080479191500212e+00
1.519202992837433541e+00
1.519202992838182942e+00
1.555851891858320402e+00
1.555851891859051150e+00
1.592789621720367865e+00
1.593037226977789711e+00
1.630386499457457727e+00
1.630386499458225114e+00
1.668270020081759064e+00
1.668270020082515126e+00
1.706442260608121542e+00
1.706685692049068948e+00
1.745267281112858448e+00
1.745267281113666691e+00
1.784378853751545924e+00
1.784378853752270899e+00
1.823787728877676040e+00
1.824009429072016797e+00
1.863825419100693326e+00
1.863825419101442504e+00
1.904158349196330979e+00
1.904158349196972688e+00
1.944802676238707395e+00
1.944991500025206266e+00
1.986040664639864950e+00
1.986040664640515541e+00
2.027588120730821508e+00
2.027588120731348198e+00
2.069463787594368664e+00
2.069614214893516380e+00
2.111892395904356512e+00
2.111892395904876096e+00
2.154647404506341068e+00
2.154647404506752739e+00
2.197747884809764241e+00
2.197858961465632532e+00
2.241359584836266183e+00
2.241359584836648988e+00
2.285315028009400340e+00
2.285315028009690774e+00
2.329631956713589247e+00
2.329706120700276273e+00
2.374420772469675978e+00
2.374420772469928220e+00
2.419569385680506723e+00
2.419569385680664819e+00
2.465093127404852869e+00
2.465135056245002065e+00
2.511054050898265277e+00
2.511054050898407830e+00
2.557388420256356820e+00
2.557388420256417660e+00
2.604108578212371405e+00
2.604124160590256309e+00
2.651237050008284246e+00
2.651237050008327323e+00
2.698749608892726304e+00
2.698749608892733853e+00
2.746650937439197637e+00
2.746655441371495421e+00
2.794946927457140351e+00
2.794946927457187424e+00
2.843629952955818219e+00
2.843629952955890161e+00
2.892692100468558181e+00
2.892710683175147235e+00
2.942160360864922719e+00
2.942160360865019975e+00
2.992005970482899180e+00
2.992005970483011090e+00
3.042223672066584950e+00
3.042250991453077091e+00
3.092853541617975210e+00
3.092853541618095115e+00
3.143853690560492797e+00
3.143853690560628245e+00
3.195221070622717541e+00
3.195252677758587012e+00
3.247002169979949837e+00
3.247002169980091058e+00
3.299148649128305522e+00
3.299148649128447186e+00
3.351659180186313147e+00
3.351691599797220089e+00
3.404581451361804678e+00
3.404581451361957889e+00
3.457865885915808235e+00
3.457865885915931692e+00
3.511512400786398036e+00
3.511543105408212462e+00
3.565566093658454339e+00
3.565566093658594227e+00
3.619979942342510526e+00
3.619979942342639756e+00
3.674754680853147715e+00
3.674781996391182748e+00
3.729930305565330340e+00
3.729930305565457793e+00
3.785464860274585952e+00
3.785464860274695642e+00
3.841359534917331953e+00
3.841382508790269767e+00
3.897647795777647861e+00
3.897647795777760216e+00
3.954294181553049015e+00
3.954294181553146714e+00
4.011300050325988131e+00
4.011318305705747100e+00
4.068691772967413911e+00
4.068691772967495623e+00
4.126440948215826410e+00
4.126440948215897464e+00
4.184548886493657527e+00
4.184562478931612262e+00
4.243034946434658394e+00
4.243034946434715238e+00
4.301877703336653980e+00
4.301877703336709047e+00
4.361078269605249247e+00
4.361087556333269610e+00
4.420649527338211371e+00
4.420649527338242457e+00
4.480576492407649880e+00
4.480576492407685407e+00
4.540859984987840825e+00
4.540865512593746267e+00
4.601507230423961481e+00
4.601507230423974804e+00
4.662508865197475316e+00
4.662508865197487751e+00
4.723865368745668647e+00
4.723867781599714100e+00
4.785579276182444275e+00
4.785579276182454933e+00
4.847645878025132582e+00
4.847645878025137023e+00
4.910065269252552156e+00
4.910065299757976121e+00
4.972836393380058340e+00
4.972836393380066333e+00
5.035958096397873618e+00
5.035958096397878059e+00
5.099428365882429759e+00
5.099430192765935566e+00
5.163248821918970499e+00
5.163248821918988263e+00
5.227415597969548244e+00
5.227415597969561567e+00
5.291926957747199900e+00
5.291929992987126852e+00
5.356786315989104708e+00
5.356786315989126024e+00
5.421987975783611802e+00
5.421987975783633118e+00
5.487530437342948098e+00
5.487534172464638260e+00
5.553418147482178213e+00
5.553418147482195977e+00
5.619644341770675844e+00
5.619644341770695384e+00
5.686207712450242369e+00
5.686211728171765678e+00
5.753113109642608691e+00
5.753113109642636225e+00
5.820353330475814602e+00
5.820353330475832365e+00
5.887927213991479114e+00
5.887931181750667875e+00
5.955839520934045339e+00
5.955839520934075537e+00
6.024083102994661765e+00
6.024083102994673311e+00
6.092656902873423874e+00
6.092660580671566350e+00
6.161565229102926367e+00
6.161565229102949459e+00
6.230801351100516250e+00
6.230801351100533125e+00
6.300364276034617461e+00
6.300367500558792244e+00
6.370257615423270181e+00
6.370257615423288833e+00
6.440475301547200715e+00
6.440475301547222031e+00
6.511016371917542678e+00
6.511019048435302103e+00
6.581883599108673266e+00
6.581883599108688365e+00
6.653071720534307509e+00
6.653071720534313727e+00
6.724579775552459893e+00
6.724581866671978325e+00
6.796409641879172625e+00
6.796409641879189500e+00
6.868556918323386107e+00
6.868556918323389660e+00
6.941020623393625577e+00
6.941022137479946785e+00
7.013801752672345735e+00
7.013801752672356393e+00
7.086896753994789577e+00
7.086896753994801124e+00
7.160304608001965221e+00
7.160305587831490293e+00
7.234025492489061016e+00
7.234025492489069009e+00
7.308056640336298315e+00
7.308056640336302756e+00
7.382396982633903093e+00
7.382397494732859222e+00
7.457045979365657828e+00
7.457045979365664046e+00
7.532001548855466133e+00
7.532001548855469686e+00
7.607262565776697016e+00
7.607262690793141324e+00
7.682827893465069558e+00
7.682827893465076663e+00
7.758696014908824878e+00
7.758696014908834648e+00
7.834865570042068406e+00
7.834865745664122194e+00
7.911335482280437148e+00
7.911335482280439813e+00
7.988104142941577557e+00
7.988104142941583774e+00
8.065170093948079710e+00
8.065170484808929174e+00
8.142532565945399980e+00
8.142532565945403533e+00
8.220189611832161347e+00
8.220189611832168453e+00
8.298139797585379895e+00
8.298140324592727879e+00
8.376382542645844254e+00
8.376382542645847806e+00
8.454915680336839046e+00
8.454915680336846151e+00
8.533737795896850997e+00
8.533738389956639026e+00
8.612848394128526763e+00
8.612848394128528540e+00
8.692245192629613371e+00
8.692245192629618700e+00
8.771926790003467644e+00
8.771927394233593134e+00
8.851892691302321481e+00
8.851892691302325034e+00
8.932140583933593447e+00
8.932140583933595224e+00
9.012669073518459584e+00
9.012669644155899107e+00
9.093477599928380783e+00
9.093477599928384336e+00
9.174563886239971211e+00
9.174563886239978316e+00
9.255926538836490636e+00
9.255927045061298486e+00
9.337564886395698593e+00
9.337564886395702146e+00
9.419476734111407623e+00
9.419476734111418281e+00
9.501660683379807182e+00
9.501661106307990323e+00
9.584115923578901075e+00
9.584115923578909957e+00
9.666840370566578855e+00
9.666840370566582408e+00
9.749832615797114244e+00
9.749832946897976527e+00
9.833091696775438706e+00
9.833091696775445811e+00
9.916615653043191259e+00
9.916615653043196588e+00
1.000040306211961472e+01
1.000040330129802868e+01
1.008445280971933755e+01
1.008445280971934110e+01
1.016876305943675973e+01
1.016876305943676329e+01
1.025333237188737279e+01
1.025333252544038132e+01
1.033815949066915785e+01
1.033815949066916318e+01
1.042324269421267324e+01
1.042324269421268212e+01
1.050858052426217526e+01
1.050858060288178741e+01
1.059417159856764989e+01
1.059417159856765878e+01
1.068001429458936080e+01
1.068001429458936435e+01
1.076610713414672205e+01
1.076610715109700323e+01
1.085244862927105913e+01
1.085244862927106624e+01
1.093903723679020601e+01
1.093903723679020779e+01
1.102587142788388697e+01
1.102587145832846005e+01
1.111294972184580132e+01
1.111294972184580843e+01
1.120027054236237163e+01
1.120027054236237696e+01
1.128783233785858009e+01
1.128783240166564994e+01
1.137563366493079364e+01
1.137563366493079720e+01
1.146367288456046829e+01
1.146367288456047717e+01
1.155194843902233792e+01
1.155194852333024436e+01
1.164045890316325504e+01
1.164045890316326748e+01
1.172920259479323590e+01
1.172920259479323768e+01
1.181817794938484312e+01
1.181817804311928199e+01
1.190738354366648366e+01
1.190738354366648721e+01
1.199681766913146141e+01
1.199681766913146852e+01
1.208647875363226021e+01
1.208647884784265969e+01
1.217636536259766800e+01
1.217636536259768931e+01
1.226647577487552176e+01
1.226647577487552176e+01
1.235680840983206608e+01
1.235680849779233625e+01
1.244736181175413847e+01
1.244736181175415091e+01
1.253813425718072416e+01
1.253813425718072949e+01
1.262912415616962569e+01
1.262912423329441580e+01
1.272033002523653344e+01
1.272033002523653877e+01
1.281175014573908832e+01
1.281175014573909365e+01
1.290338291771452184e+01
1.290338298134312822e+01
1.299522682616713176e+01
1.299522682616713531e+01
1.308728016151577656e+01
1.308728016151577833e+01
1.317954131321659794e+01
1.317954136231356799e+01
1.327200873346209242e+01
1.327200873346209420e+01
1.336468072353890690e+01
1.336468072353891223e+01
1.345755566193328967e+01
1.345755569674882146e+01
1.355063196865588360e+01
1.355063196865588715e+01
1.364390795574109738e+01
1.364390795574109738e+01
1.373738199049086006e+01
1.373738201221571309e+01
1.383105246277659361e+01
1.383105246277659894e+01
1.392491769385138767e+01
1.392491769385139300e+01
1.401897603978222762e+01
1.401897605022380588e+01
1.411322586327064954e+01
1.411322586327065309e+01
1.420766549233616161e+01
1.420766549233616338e+01
1.430229327190439825e+01
1.430229327320173560e+01
1.439710754097555245e+01
1.439710754097555956e+01
1.449210663138754995e+01
1.449210663138755528e+01
1.458728887152603626e+01
1.458728887713765410e+01
1.468265259713929893e+01
1.468265259713930249e+01
1.477819612395809656e+01
1.477819612395810367e+01
1.487391777059762710e+01
1.487391778096851347e+01
1.496981587048502327e+01
1.496981587048503037e+01
1.506588872284024028e+01
1.506588872284024561e+01
1.516213463796228567e+01
1.516213465115752257e+01
1.525855194431966666e+01
1.525855194431967199e+01
1.535513892778926959e+01
1.535513892778927314e+01
1.545189389047203399e+01
1.545189390485227143e+01
1.554881515368520972e+01
1.554881515368521150e+01
1.564590099268851731e+01
1.564590099268852619e+01
1.574314970148480164e+01
1.574314971574559330e+01
1.584055959255122126e+01
1.584055959255122481e+01
1.593812893275539899e+01
1.593812893275540610e+01
1.603585600810058054e+01
1.603585602127809651e+01
1.613373912104743368e+01
1.613373912104743724e+01
1.623177653178699131e+01
1.623177653178699487e+01
1.632996651843265212e+01
1.632996652988402175e+01
1.642830737273498087e+01
1.642830737273498443e+01
1.652679734944388557e+01
1.652679734944392465e+01
1.662543471891251556e+01
1.662543472827885793e+01
1.672421776191506027e+01
1.672421776191506382e+01
1.682314472857107290e+01
1.682314472857107646e+01
1.692221388162812801e+01
1.692221388878703081e+01
1.702142349097372787e+01
1.702142349097373142e+01
1.712077180255444731e+01
1.712077180255445086e+01
1.722025707169406061e+01
1.722025707670790595e+01
1.731987755776151872e+01
1.731987755776151872e+01
1.741963150271179828e+01
1.741963150271180538e+01
1.751951715465360593e+01
1.751951715771809504e+01
1.761953276300664584e+01
1.761953276300664939e+01
1.771967656571692373e+01
1.771967656571692729e+01
1.781994680391165886e+01
1.781994680530830522e+01
1.792034171776052176e+01
1.792034171776052887e+01
1.802085954105556098e+01
1.802085954105556453e+01
1.812149850819797336e+01
1.812149850825269226e+01
1.822225685087427038e+01
1.822225685087428104e+01
1.832313279851204157e+01
1.832313279851204513e+01
1.842412457810914006e+01
1.842412457905995637e+01
1.852523041650503188e+01
1.852523041650503544e+01
1.862644853568520631e+01
1.862644853568520631e+01
1.872777715674869015e+01
1.872777715838410728e+01
1.882921450165073551e+01
1.882921450165073551e+01
1.893075878553240088e+01
1.893075878553240798e+01
1.903240822391238751e+01
1.903240822594532489e+01
1.913416103371216792e+01
1.913416103371217147e+01
1.923601542394032293e+01
1.923601542394033004e+01
1.933796960479435967e+01
1.933796960698286327e+01
1.944002178808095849e+01
1.944002178808096559e+01
1.954217017732143447e+01
1.954217017732143447e+01
1.964441297764936678e+01
1.964441297980195245e+01
1.974674839575229157e+01
1.974674839575229512e+01
1.984917463023457174e+01
1.984917463023457529e+01
1.995168988142377131e+01
1.995168988339989724e+01
2.005429235096111285e+01
2.005429235096111285e+01
2.015698023302872244e+01
2.015698023302872244e+01
2.025975172340843500e+01
2.025975172511535760e+01
2.036260501884045837e+01
2.036260501884046548e+01
2.046553830950847441e+01
2.046553830950848507e+01
2.056854978691243829e+01
2.056854978829957759e+01
2.067163764310079799e+01
2.067163764310079799e+01
2.077480006462005946e+01
2.077480006462006301e+01
2.087803523895640367e+01
2.087803524000813837e+01
2.098134135372895059e+01
2.098134135372895770e+01
2.108471659215652849e+01
2.108471659215653204e+01
2.118815913798415096e+01
2.118815913871212331e+01
2.129166717470556236e+01
2.129166717470556236e+01
2.139523888248106331e+01
2.139523888248106687e+01
2.149887244159166144e+01
2.149887244202705716e+01
2.160256603173951717e+01
2.160256603173952072e+01
2.170631783026692574e+01
2.170631783026692574e+01
2.181012601427203279e+01
2.181012601445847565e+01
2.191398876001848350e+01
2.191398876001848350e+01
2.201790424225287879e+01
2.201790424225288234e+01
2.212187063516274321e+01
2.212187063517530561e+01
2.222588611197388886e+01
2.222588611197389596e+01
2.232994884501286492e+01
2.232994884501287203e+01
2.243405700572165173e+01
2.243405700588208163e+01
2.253820876505937321e+01
2.253820876505938031e+01
2.264240229273861615e+01
2.264240229273861615e+01
2.274663575792970960e+01
2.274663575818948047e+01
2.285090732954131454e+01
2.285090732954131809e+01
2.295521517503384601e+01
2.295521517503384956e+01
2.305955746159256847e+01
2.305955746190849709e+01
2.316393235630014047e+01
2.316393235630014757e+01
2.326833802471904278e+01
2.326833802471904278e+01
2.337277263233545099e+01
2.337277263267133520e+01
2.347723434464134940e+01
2.347723434464134940e+01
2.358172132564526180e+01
2.358172132564526535e+01
2.368623173942021509e+01
2.368623173974759766e+01
2.379076375011468159e+01
2.379076375011468514e+01
2.389531552051588292e+01
2.389531552051589358e+01
2.399988521356978666e+01
2.399988521386800855e+01
2.410447099234046675e+01
2.410447099234047386e+01
2.420907101871496536e+01
2.420907101871496536e+01
2.431368345479878101e+01
2.431368345505439876e+01
2.441830646284168083e+01
2.441830646284168438e+01
2.452293820414097070e+01
2.452293820414097425e+01
2.462757684024884952e+01
2.462757684045480033e+01
2.473222053288053601e+01
2.473222053288053957e+01
2.483686744304459992e+01
2.483686744304460348e+01
2.494151573202773520e+01
2.494151573218220719e+01
2.504616356129834287e+01
2.504616356129834642e+01
2.515080909186943714e+01
2.515080909186943714e+01
2.525545048505064116e+01
2.525545048515584767e+01
2.536008590235733706e+01
2.536008590235734772e+01
2.546471350509413512e+01
2.546471350509413512e+01
2.556933145488261161e+01
2.556933145494365789e+01
2.567393791358323440e+01
2.567393791358323440e+01
2.577853104307495968e+01
2.577853104307496324e+01
2.588310900558087368e+01
2.588310900560464134e+01
2.598766996360720327e+01
2.598766996360720682e+01
2.609221207988731805e+01
2.609221207988732161e+01
2.619673351752989277e+01
2.619673351753563750e+01
2.630123244000610683e+01
2.630123244000611038e+01
2.640570701116504537e+01
2.640570701116504893e+01
2.651015539528095388e+01
2.651015539530835596e+01
2.661457575713956913e+01
2.661457575713957269e+01
2.671896626193623447e+01
2.671896626193623447e+01
2.682332507542424693e+01
2.682332507546592737e+01
2.692765036398275313e+01
2.692765036398276024e+01
2.703194029445423752e+01
2.703194029445424107e+01
2.713619303436035324e+01
2.713619303440979280e+01
2.724040675195351824e+01
2.724040675195351824e+01
2.734457961602267773e+01
2.734457961602267773e+01
2.744870979614675832e+01
2.744870979619854268e+01
2.755279546273265723e+01
2.755279546273266078e+01
2.765683478681314611e+01
2.765683478681314966e+01
2.776082594031293382e+01
2.776082594036284590e+01
2.786476709607605784e+01
2.786476709607606495e+01
2.796865642767432547e+01
2.796865642767432902e+01
2.807249210966634223e+01
2.807249210971137643e+01
2.817627231761739992e+01
2.817627231761740347e+01
2.827999522793126985e+01
2.827999522793127340e+01
2.838365901808825242e+01
2.838365901812648673e+01
2.848726186666014826e+01
2.848726186666015181e+01
2.859080195317359596e+01
2.859080195317360307e+01
2.869427745831793075e+01
2.869427745834841303e+01
2.879768656395770066e+01
2.879768656395770421e+01
2.890102745303132892e+01
2.890102745303133247e+01
2.900429830972410628e+01
2.900429830974665535e+01
2.910749731948020980e+01
2.910749731948021690e+01
2.921062266893705228e+01
2.921062266893705583e+01
2.931367254606231754e+01
2.931367254607736683e+01
2.941664514016700238e+01
2.941664514016700593e+01
2.951953864187321130e+01
2.951953864187321841e+01
2.962235124321696134e+01
2.962235124322535640e+01
2.972508113766323490e+01
2.972508113766323845e+01
2.982772652010327263e+01
2.982772652010327619e+01
2.993028558692675389e+01
2.993028558692957120e+01
3.003275653603953543e+01
3.003275653603953899e+01
3.013513756688535139e+01
3.013513756688535494e+01
3.023742688049073379e+01
3.023742688049227212e+01
3.033962267949334546e+01
3.033962267949335256e+01
3.044172316816725399e+01
3.044172316816726465e+01
3.054372655245979473e+01
3.054372655246447366e+01
3.064563104003079985e+01
3.064563104003080340e+01
3.074743484026152984e+01
3.074743484026153340e+01
3.084913616430605288e+01
3.084913616431275685e+01
3.095073322512768144e+01
3.095073322512768499e+01
3.105222423749916771e+01
3.105222423749917127e+01
3.115360741806362199e+01
3.115360741807137401e+01
3.125488098536841264e+01
3.125488098536841619e+01
3.135604315986100943e+01
3.135604315986101298e+01
3.145709216395495034e+01
3.145709216396295105e+01
3.155802622206159569e+01
3.155802622206160635e+01
3.165884356058521476e+01
3.165884356058521476e+01
3.175954240799016048e+01
3.175954240799776684e+01
3.186012099483106041e+01
3.186012099483106397e+01
3.196057755374974718e+01
3.196057755374975073e+01
3.206091031954088066e+01
3.206091031954767345e+01
3.216111752918087063e+01
3.216111752918087063e+01
3.226119742182860506e+01
3.226119742182861216e+01
3.236114823888743786e+01
3.236114823889314351e+01
3.246096822403330862e+01
3.246096822403330862e+01
3.256065562322034168e+01
3.256065562322034168e+01
3.266020868473793115e+01
3.266020868474242178e+01
3.275962565923835257e+01
3.275962565923836678e+01
3.285890479974784739e+01
3.285890479974784739e+01
3.295804436171804497e+01
3.295804436172131346e+01
3.305704260305345343e+01
3.305704260305345343e+01
3.315589778412791588e+01
3.315589778412792299e+01
3.325460816783034090e+01
3.325460816783246543e+01
3.335317201959231426e+01
3.335317201959231426e+01
3.345158760740940096e+01
3.345158760740940096e+01
3.354985320188166042e+01
3.354985320188279729e+01
3.364796707624136474e+01
3.364796707624137184e+01
3.374592750637868477e+01
3.374592750637868477e+01
3.384373277087734522e+01
3.384373277087764365e+01
3.394138115104274789e+01
3.394138115104274789e+01
3.403887093093108973e+01
3.403887093093108973e+01
3.413620039738072620e+01
3.413620039738106726e+01
3.423336784004229116e+01
3.423336784004229116e+01
3.433037155140704755e+01
3.433037155140705465e+01
3.442720982683811570e+01
3.442720982683891151e+01
3.452388096460140332e+01
3.452388096460141043e+01
3.462038326589161130e+01
3.462038326589161130e+01
3.471671503486534505e+01
3.471671503486641797e+01
3.481287457867151858e+01
3.481287457867151858e+01
3.490886020747602458e+01
3.490886020747603169e+01
3.500467023449596837e+01
3.500467023449718340e+01
3.510030297602958882e+01
3.510030297602958882e+01
3.519575675148011840e+01
3.519575675148011840e+01
3.529102988339065661e+01
3.529102988339190006e+01
3.538612069747353672e+01
3.538612069747354383e+01
3.548102752263400106e+01
3.548102752263400816e+01
3.557574869100502468e+01
3.557574869100621129e+01
3.567028253797625581e+01
3.567028253797625581e+01
3.576462740221793268e+01
3.576462740221793268e+01
3.585878162571518857e+01
3.585878162571621175e+01
3.595274355379662978e+01
3.595274355379662978e+01
3.604651153515876416e+01
3.604651153515877127e+01
3.614008392189951024e+01
3.614008392190035579e+01
3.623345906954642004e+01
3.623345906954642714e+01
3.632663533708181802e+01
3.632663533708181802e+01
3.641961108697525873e+01
3.641961108697591953e+01
3.651238468521155056e+01
3.651238468521155056e+01
3.660495450131654138e+01
3.660495450131654849e+01
3.669731890838857424e+01
3.669731890838904320e+01
3.678947628312619855e+01
3.678947628312619855e+01
3.688142500585472305e+01
3.688142500585473016e+01
3.697316346055653469e+01
3.697316346055682601e+01
3.706469003489860370e+01
3.706469003489860370e+01
3.715600312025971164e+01
3.715600312025971164e+01
3.724710111175966887e+01
3.724710111175981098e+01
3.733798240828669179e+01
3.733798240828669179e+01
3.742864541252509269e+01
3.742864541252509980e+01
3.751908853098353092e+01
3.751908853098355223e+01
3.760931017402235454e+01
3.760931017402236165e+01
3.769930875588146080e+01
3.769930875588146080e+01
3.778908269470772296e+01
3.778908269470779402e+01
3.787863041258264474e+01
3.787863041258265184e+01
3.796795033554951715e+01
3.796795033554951715e+01
3.805704089364094500e+01
3.805704089364108000e+01
3.814590052090625960e+01
3.814590052090625960e+01
3.823452765543810727e+01
3.823452765543811438e+01
3.832292073940008947e+01
3.832292073940026711e+01
3.841107821905386288e+01
3.841107821905386999e+01
3.849899854478527317e+01
3.849899854478528027e+01
3.858668017113201643e+01
3.858668017113220117e+01
3.867412155681027031e+01
3.867412155681027031e+01
3.876132116474072120e+01
3.876132116474072120e+01
3.884827746207606936e+01
3.884827746207626831e+01
3.893498892022686420e+01
3.893498892022687130e+01
3.902145401488799337e+01
3.902145401488800047e+01
3.910767122606571178e+01
3.910767122606589652e+01
3.919363903810240402e+01
3.919363903810240402e+01
3.927935593970416051e+01
3.927935593970416051e+01
3.936482042396698944e+01
3.936482042396713865e+01
3.945003098840009415e+01
3.945003098840009415e+01
3.953498613495531799e+01
3.953498613495531799e+01
3.961968437005209864e+01
3.961968437005223365e+01
3.970412420459899749e+01
3.970412420459900460e+01
3.978830415402559595e+01
3.978830415402559595e+01
3.987222273830581543e+01
3.987222273830591490e+01
3.995587848197759229e+01
3.995587848197759939e+01
4.003926991417756653e+01
4.003926991417757364e+01
4.012239556866237677e+01
4.012239556866245493e+01
4.020525398382695670e+01
4.020525398382695670e+01
4.028784370274145488e+01
4.028784370274146198e+01
4.037016327317058284e+01
4.037016327317062547e+01
4.045221124759133602e+01
4.045221124759133602e+01
4.053398618323087987e+01
4.053398618323088698e+01
4.061548664208429926e+01
4.061548664208432058e+01
4.069671119093317202e+01
4.069671119093317202e+01
4.077765840138203401e+01
4.077765840138204112e+01
4.085832684987568797e+01
4.085832684987569507e+01
4.093871511771980920e+01
4.093871511771980920e+01
4.101882179111354532e+01
4.101882179111355242e+01
4.109864546116786954e+01
4.109864546116788375e+01
4.117818472392859519e+01
4.117818472392860230e+01
4.125743818040366762e+01
4.125743818040366762e+01
4.133640443658387653e+01
4.133640443658390495e+01
4.141508210346704288e+01
4.141508210346704288e+01
4.149346979708110439e+01
4.149346979708111149e+01
4.157156613850794002e+01
4.157156613850797555e+01
4.164936975390399709e+01
4.164936975390399709e+01
4.172687927452575707e+01
4.172687927452575707e+01
4.180409333675510197e+01
4.180409333675512329e+01
4.188101058210774141e+01
4.188101058210774141e+01
4.195762965727472960e+01
4.195762965727473670e+01
4.203394921414454899e+01
4.203394921414457741e+01
4.210996790978624205e+01
4.210996790978624205e+01
4.218568440652894935e+01
4.218568440652896356e+01
4.226109737197155169e+01
4.226109737197159433e+01
4.233620547892409292e+01
4.233620547892409292e+01
4.241100740555457804e+01
4.241100740555458515e+01
4.248550183537214053e+01
4.248550183537217606e+01
4.255968745711037826e+01
4.255968745711038537e+01
4.263356296497319420e+01
4.263356296497320841e+01
4.270712705857426528e+01
4.270712705857429370e+01
4.278037844275053914e+01
4.278037844275053914e+01
4.285331582793354954e+01
4.285331582793356375e+01
4.292593793002795621e+01
4.292593793002798463e+01
4.299824347015451309e+01
4.299824347015452020e+01
4.307023117515672084e+01
4.307023117515673505e+01
4.314189977740624471e+01
4.314189977740627313e+01
4.321324801449260633e+01
4.321324801449261344e+01
4.328427462984555518e+01
4.328427462984556939e+01
4.335497837246737873e+01
4.335497837246740005e+01
4.342535799660873863e+01
4.342535799660874574e+01
4.349541226244748060e+01
4.349541226244750192e+01
4.356513993576746913e+01
4.356513993576748334e+01
4.363453978767979891e+01
4.363453978767979891e+01
4.370361059525865244e+01
4.370361059525866665e+01
4.377235114121100423e+01
4.377235114121101844e+01
4.384076021370746901e+01
4.384076021370747611e+01
4.390883660685494050e+01
4.390883660685495471e+01
4.397657912042480177e+01
4.397657912042480888e+01
4.404398655982739541e+01
4.404398655982740252e+01
4.411105773633370575e+01
4.411105773633371285e+01
4.417779146693822412e+01
4.417779146693822412e+01
4.424418657441746916e+01
4.424418657441746916e+01
4.431024188734718194e+01
4.431024188734718905e+01
4.437595624014981865e+01
4.437595624014982576e+01
4.444132847298427436e+01
4.444132847298427436e+01
4.450635743190621696e+01
4.450635743190623117e+01
4.457104196905563498e+01
4.457104196905564919e+01
4.463538094180293569e+01
4.463538094180293569e+01
4.469937321392950480e+01
4.469937321392953322e+01
4.476301765570929803e+01
4.476301765570932645e+01
4.482631314128041566e+01
4.482631314128041566e+01
4.488925855250960950e+01
4.488925855250965213e+01
4.495185277837577331e+01
4.495185277837582305e+01
4.501409470900555476e+01
4.501409470900555476e+01
4.507598324486121300e+01
4.507598324486127694e+01
4.513751729433094795e+01
4.513751729433100479e+01
4.519869576243967657e+01
4.519869576243967657e+01
4.525951756890670907e+01
4.525951756890679434e+01
4.531998164224784631e+01
4.531998164224792447e+01
4.538008690118891053e+01
4.538008690118891764e+01
4.543983228543748965e+01
4.543983228543759623e+01
4.549921674410127537e+01
4.549921674410136063e+01
4.555823920878362543e+01
4.555823920878362543e+01
4.561689863976105386e+01
4.561689863976117465e+01
4.567519400652018646e+01
4.567519400652029304e+01
4.573312425387354097e+01
4.573312425387354097e+01
4.579068836270599263e+01
4.579068836270612763e+01
4.584788532153028484e+01
4.584788532153039853e+01
4.590471409073544606e+01
4.590471409073544606e+01
4.596117367081335203e+01
4.596117367081348704e+01
4.601726306666076027e+01
4.601726306666086685e+01
4.607298125899124841e+01
4.607298125899124841e+01
4.612832726551828699e+01
4.612832726551839357e+01
4.618330010443013833e+01
4.618330010443023070e+01
4.623789878245706575e+01
4.623789878245707285e+01
4.629212233115940478e+01
4.629212233115946162e+01
4.634596978123481392e+01
4.634596978123488498e+01
4.639944016708474805e+01
4.639944016708474805e+01
4.645253253179488695e+01
4.645253253179489406e+01
4.650524592555173342e+01
4.650524592555173342e+01
4.655757939798154865e+01
4.655757939798155576e+01
4.660953200707116650e+01
4.660953200707128019e+01
4.666110284500992123e+01
4.666110284500999938e+01
4.671229093541616351e+01
4.671229093541616351e+01
4.676309536768678754e+01
4.676309536768704334e+01
4.681351532119342806e+01
4.681351532119362702e+01
4.686354970939973441e+01
4.686354970939973441e+01
4.691319769100560677e+01
4.691319769100601889e+01
4.696245860011697459e+01
4.696245860011730855e+01
4.701133111173958667e+01
4.701133111173960089e+01
4.705981451653681091e+01
4.705981451653738645e+01
4.710790837571143186e+01
4.710790837571190792e+01
4.715561098343738422e+01
4.715561098343739843e+01
4.720292183867952218e+01
4.720292183868023272e+01
4.724984076447838532e+01
4.724984076447899639e+01
4.729636559440346133e+01
4.729636559440347554e+01
4.734249609026207395e+01
4.734249609026287686e+01
4.738823227311889497e+01
4.738823227311959130e+01
4.743357161276353651e+01
4.743357161276355072e+01
4.747851410654022430e+01
4.747851410654102011e+01
4.752305976791101472e+01
4.752305976791171105e+01
4.756720606403657570e+01
4.756720606403658991e+01
4.761095305960660795e+01
4.761095305960728297e+01
4.765430046233396411e+01
4.765430046233456807e+01
4.769724628698239144e+01
4.769724628698239854e+01
4.773979036387652286e+01
4.773979036387689945e+01
4.778193194000206745e+01
4.778193194000244404e+01
4.782366990090348224e+01
4.782366990090349645e+01
4.786500357884992241e+01
4.786500357885002188e+01
4.790593221046574968e+01
4.790593221046577099e+01
4.794645480118759906e+01
4.794645480118762038e+01
4.798657036946362808e+01
4.798657036946434573e+01
4.802627974526467369e+01
4.802627974526522792e+01
4.806557918288140030e+01
4.806557918288142872e+01
4.810446859921108143e+01
4.810446859921251672e+01
4.814295337009441766e+01
4.814295337009560427e+01
4.818102154432874329e+01
4.818102154432878592e+01
4.821867657499089432e+01
4.821867657499303306e+01
4.825593184859146589e+01
4.825593184859330620e+01
4.829276055159706971e+01
4.829276055159711234e+01
4.832917328579745231e+01
4.832917328580014527e+01
4.836519308650164817e+01
4.836519308650403559e+01
4.840077460015141497e+01
4.840077460015145050e+01
4.843593820603805966e+01
4.843593820604097999e+01
4.847071321079249628e+01
4.847071321079516792e+01
4.850504099484334120e+01
4.850504099484336962e+01
4.853895007283578167e+01
4.853895007283843910e+01
4.857246628060899951e+01
4.857246628061152904e+01
4.860553498065139166e+01
4.860553498065140587e+01
4.863818440379870367e+01
4.863818440380051555e+01
4.867042564646493474e+01
4.867042564646678215e+01
4.870222932816221117e+01
4.870222932816224670e+01
4.873361076751741194e+01
4.873361076751778143e+01
4.876456715610238746e+01
4.876456715610295589e+01
4.879509535565222933e+01
4.879509535565229328e+01
4.882519261581951753e+01
4.882519261582101677e+01
4.885487179170564076e+01
4.885487179170683447e+01
4.888410528511181496e+01
4.888410528511188602e+01
4.891289284638371271e+01
4.891289284638715884e+01
4.894132190712406327e+01
4.894132190712718966e+01
4.896923311353386055e+01
4.896923311353391739e+01
4.899668353940921861e+01
4.899668353941414978e+01
4.902388577658498292e+01
4.902388577658974356e+01
4.905044833161938556e+01
4.905044833161941398e+01
4.907654743081268123e+01
4.907654743081813820e+01
4.910249622610025710e+01
4.910249622610579223e+01
4.912769910866715151e+01
4.912769910866718703e+01
4.915245256934981199e+01
4.915245256935452289e+01
4.917704659192629890e+01
4.917704659193135086e+01
4.920089351947366652e+01
4.920089351947375178e+01
4.922430262047850391e+01
4.922430262048136029e+01
4.924742076811607916e+01
4.924742076811942582e+01
4.926989647432777275e+01
4.926989647432787223e+01
4.929191109040006324e+01
4.929191109040100827e+01
4.931350060669595337e+01
4.931350060669731050e+01
4.933451727799358366e+01
4.933451727799363340e+01
4.935499666687443465e+01
4.935499666687563547e+01
4.937503950449637813e+01
4.937503950449771395e+01
4.939434314221259825e+01
4.939434314221269773e+01
4.941275028766259680e+01
4.941275028766889932e+01
4.943188327479310828e+01
4.943188327479941080e+01
4.944853232585364111e+01
4.944853232585391112e+01
4.946299507421430519e+01
4.946299507422747155e+01
4.948592998661514741e+01
4.948592998662859088e+01
4.949755345959452768e+01
4.949755345959479769e+01
4.950679500628985608e+01
4.950679500630425167e+01
4.953977425377973276e+01
4.953977425379456179e+01
4.954572747645571695e+01
4.954572747645584485e+01
4.955076727709074191e+01
4.955076727710410722e+01
4.959285432074332789e+01
4.959285432075666478e+01
4.959547053434062036e+01
4.959547053434070563e+01
4.959788354857030157e+01
4.959788354858240922e+01
4.964403702416525732e+01
4.964403702417662601e+01
4.964517333493945728e+01
4.964517333493952833e+01
4.964626963586236030e+01
4.964626963587301134e+01
4.969253746921489778e+01
4.969253746922434800e+01
4.969304572923616803e+01
4.969304572923623198e+01
4.969354580404252886e+01
4.969354580405158828e+01
4.973777829018781915e+01
4.973777829019549301e+01
4.973801326073636631e+01
4.973801326073642315e+01
4.973824642717804068e+01
4.973824642718550848e+01
4.977931140511135766e+01
4.977931140511741859e+01
4.977942304593968004e+01
4.977942304593972267e+01
4.977953425826165557e+01
4.977953425826760991e+01
4.981677732594246777e+01
4.981677732594708630e+01
4.981683135844721733e+01
4.981683135844724575e+01
4.981688528228168167e+01
4.981688528228624335e+01
4.984987723589211583e+01
4.984987723589547670e+01
4.984990354191610606e+01
4.984990354191612738e+01
4.984992981888483143e+01
4.984992981888816388e+01
4.987835428862457832e+01
4.987835428862685205e+01
4.987836691071517947e+01
4.987836691071520079e+01
4.987837952475240400e+01
4.987837952475467063e+01
4.990199064139062557e+01
4.990199064139200402e+01
4.990199637232899477e+01
4.990199637232900187e+01
4.990200210101932754e+01
4.990200210102070599e+01
4.992070184641238484e+01
4.992070184641306696e+01
4.992070408591723663e+01
4.992070408591724373e+01
4.992070632484744408e+01
4.992070632484811910e+01
4.993510893801040140e+01
4.993510893801062167e+01
4.993510954942795621e+01
4.993510954942796332e+01
4.993511016075783004e+01
4.993511016075805031e+01
4.994737192312600627e+01
4.994737192312604179e+01
4.994737199806969841e+01
4.994737199806970551e+01
4.994737207301075443e+01
4.994737207301078996e+01
